8985789809
9542113118
9160616293
9160173141
7702876328
9666815225
9494174801
8008926818
9542743799
9440965292
8297882800
8333016496
9676957170
7416049550
9000296995
9441696129
8008946593
9100369699
9550467549
7702657240
9493746424
9441376379
8179223667
9550903436
9550288289
9133823008
9515643639
9949455439
9989415870
8500294447
8465060709
8374601651
9490219003
7799556885
9502997777
9966566858
9703916770
9032248199
8977561076
9959988649
9502231360
9440289780
9705155058
8186824554
9515285533
7731954453
7382120822
9014935926
7095711996
9985837914
7382995932
7382995932
8500895958
9160118299
9989605408
7036274044
9908546420
9100490812
9948390788
9573040301
9505017922
9493554027
9100766237
9493560778
9908586283
9441912389
9492616948
9494611348
7382632389
7680028868
8179059606
9440352767
8008402854
8186843888
9652592759
8297931465
9490920789
--
7013828118
8985230579
7286832233
9100281345
9494951755
9491974733
9133715959
7680969830
8465002736
7382376800
7995954084
9505827899