9440240530
9440976619
9912520723
9989823415
9440111470
9247222778
9849413698
9985184956
9866259050
9704334888
9963896986
9866850201
8008643803
9392216177
9160675387
9676353784
9492229467
9912999146
9492532675
9849075299
9618531371
9701718985
9553691690
8978934139
9493987588
9963461577
9440049908
9849377825
9866103460
9492918019
9989689470
9542121761
9912157785
9849052452
9990832892
-
9490236533
9493479585
9441448630
9949466778
9848665296
9493824560
9912340589
9492400768
9491557956
9491969339
8008321080
9491012746
9014082571
9032672632
9488231675
8500573527
8187836766
8297814880
8333947847
9690772484
9440786023
9866146631
9502008826
9247122325
9866208150
8897589158
8985216330
8985071156
9553137237
7382567436
9959302290
9603670690
9912920588
9030762341
9010611451
8885771466
9493106914
9440079460
8897731838
9963033793
9705355716
9291326202
9908792124
9703598010
9573523795
9491684765
9494964338
9703572839
9010827696
9989360948
9493050794
9491968368
7842303801
6952202329
9494491733
9542349544
7731879996
9963923870
7032879309
9291858965
9949056525
9885911212
9949072448
9951993456
9849776869
9441561919
9550374375
9701457174
9603317255
9848422432
9848570522
9849782622
9966735805
9440118008
9494226462
9440535631
9441414651
9491723439
9490145567
9440797696
9010641821
9948222144
9989644448
9951733567
9866278797
7382212829
9618881778
9441662699
9493007894
9908395483
9491539003
9966422615
9705150177
9652560644
8099208083
8096191053
9885840869
8985948587
9490353393
9494136363
9160444150
9701736591
9290438608
9032825483
9441598334
9963576217
9494491092
9346466533
9493852451
9247982822
8985035146
9394822244
8500570716
9491870289
9848753011
9502244577
9440616698
9849746741
9441171542
9985101401
9440846566
9985457554
9490895507
9394663715
9704299115
9000912477
9885243436
9493490559
9032390251
7036864885
9133409326
-
9848064237
8984643961
9441469778
9441170567
9948283673
9490379598
8790820234
9491022091
8897983939
9866173005
9912712815
9393844999
9885877781
9912124486
9642616617
9494334777
9032056403
9985861517
9989262655
9866364837
9491970437
9550999464
9948766686
9291288821
9440592644
9440106791
9542918778
9505018999
9394747838
9440314900
9866955559
9618252445
8106749820
9951444611
9951268887
9949012622
9959123344
9989110494
7382651834
9866889943
9704600808
7799230977
9440669164
9502454654
9951992945
9492566721
7396788712
7382112822
9705498582
9491966825
9704430820
9553368811
9473700316
7893886416
9247856506
9949470637
9848023190
9866286320
9550269869
9705331933
9440637137
9985988625
9618467469
8978474999
9052576677
9666832284
9949433561
9493877767
9848834989
9247220652
9959688861
9491823463
8019589729
9491517141
9553327771
9963830043
9441692739
9966993297
9949630305
9666506099
9966887738
9347023538
9441391190
9573000553
9949312543
9866366676