9666832284
9848051152
9347023538
9848834989
9959688861
9441391190
9491517141
9491823463
9553327771
9441692739
9949630305
9666506099
9966887738
9000041195
9493479585
9441448630
9949466778
9493824560
9848665296
9491557956
9491012746
8297814880
8333947847
9704260234
9494655185
9866361411
9533366379
9666200642
9949263218
9912225679
9440786023
9493050794
9949056525
9866146631
9502008826
9866208150
9010648668
9553137237
9885911212
9949072448
8897589158
9493237923
9866955559
7382567436
9951752864
8985071156
9912920588
9959302290
9704196789
9010611451
8885771466
9493106914
9440079460
9963033793
9705355716
9703598010
9573523795
9849776869
9010827696
9491968368
7731879996
7032879309
9494491733
9652202329
7842303801
9963923870
8143758199
9951422248
9441561919
9441561919
9603317255
9885204629
9701457174
-
8008769637
8499990418
9948766686
9440669164
7396788712
9542918778
9291288821
9440592644
9440106791
9505018999
9394747838
9440314900
9618252445
9951268887
8106749820
9951444611
9949012622
9959123344
9989110494
7382651834
9866889943
8885605656
8142243344
9502454654
9492566721
9951992945
7382112822
9705498582
9491966825
9473700316
9440869421
9494703946
9704430820
9247856506
9848422432
9848570522
9849782622
9966735805
9440118008
9494226462
9440535631
9441414651
9491723439
9490145567
9440797696
9948222144
9989644448
9951733567
9866278797
9441448700
9441662699
9493007894
9491539003
8096191053
9885840869
8985948587
9494136363
9160444150
9701736591
9290438608
9032825483
9441598334
9494491092
9493852451
9247982822
8985035146
8985829056
8500157237
9505330239
9394822244
8500570716
9848753011
9502244577
9177522143
7569508112
9849746741
9441171542
8897983939
9985101401
9440846566
9985457554
9490895507
8501876887
9000912477
9493490559
9032390251
9133409326
7036864885
9848064237
9494227496
9441170567
9490379598
8790820234
9491022091
9866173005
9989262655
9985861517
9912712815
9393844999
9885877781
9030999625
9642616617
9494334777
9866364837
9491970437
9550999464
9959682217
9866544678
9440240530
9440976619
9912520723
9989823415
9866103460
9849052452
9247222778
9440111470
9581657590
8985105844
9704334888
9963896986
9866850201
8008643803
9676353784
9912999146
9492532675
9849075299
9491662251
9701718985
9849377825
9989689470
9848075366
9492918019
9246994955
9990832892
9908948360
9490236533
9640009346
8179347847
9949470637
8978474999
9866286320
9550269869
9705331933
9440637137
9052576677
9949068846
9951854945
9490148573
9490775274
9908898696
9000112339
9963033258