801
301
328
309
311
3001
315
313
316
318
320
321
324
329
101
102
104
109
111
114
119
125
126
128
130
131
132
-
-
-
502
561
601
504
505
509
507
532
603
604
513
605
608
533
530
531
538
535
539
540
541
542
543
545
546
549
550
606
558
562
567
569
565
564
563
568
571
-
-
-
5012
6004
5007
-
6005
-
1201
1229
1233
1205
1202
1203
1204
1207
1208
1210
1215
1220
1218
1219
1221
1223
1224
1225
1226
1227
1228
1230
1232
1231
1234
12001
12002
12005
12012
12013
12003
12011
402
403
404
405
406
408
409
411
412
413
415
428
429
430
431
433
437
438
440
449
451
452
455
456
457
458
460
461
463
465
466
467
468
469
470
4001
4002
4004
4005
4007
213
202
203
237
204
206
207
211
217
219
222
224
227
226
229
231
232
234
235
236
238
249
246
239
240
241
242
243
244
2001
2003
2004
2007
2008
702
704
705
706
740
747
709
708
712
713
716
717
718
719
724
726
730
731
732
733
739
742
247
741
248
748
7006
7003
7004
7002
901
918
903
909
911
912
919
8003
8002
8004
8005
8006
8008
8009